750
989
884 885
426 427
837 838
496 498
818 824
765 769
384 385
231 234
958 960
161 162
438 443
631 632
751 752
657 659
662 664
586 587
206 207
562 563
151 152
31 32
748
521 522
891 892
705 709
813 814
699 700
939
846 847
871 872
94 95
285 288
372 373
447 449
906
753 758
935
938
970
972
525 527
403 405
956 957
660 661
998
985 988
793 794
353 355
947 949
105 108
470 471
226 227
291 295
171 172
980 981
180 182
398 399
481 482
788 789
982 984
805 806
913
832 833
681 683
263 264
844
948
839
791
757
809
710 711
628 630
701 703
534 535
418 419
252 253
144 146
64 65
626
993 995
49 51
629
887
812
116 117
134 137
382 383
163 165
983
966
673 674
924
762 763
650
490 492
845
840 841
114 115
246 248
337 338
795 796
517 518
969
401 402
27 30
851
859
40 44
874
84 85
975
686 689
831
802
489
978
568 571
926
649
507
964
605
770 773
740 744
867
792
722
922
916 918
729
746
787
944
895
577 578
459 461
861 862
474 475
339 341
620 622
665 666
390 392
259 262
200 204
716 717
188 190
528 529
878
829
827
971
865
804
799
453
129 130
910 911
651 653
869
836
297 304
407 408
735 737
961 965
772
733
736
730
992
641
967 968
308
381
848
741
611
218 221
502
623
397
739
36 37
138 143
774 781
484 487
413 414
409 410
359 363
976
917
782 783
394 395
330 331
899
890
888
706
997
289 290
588
680
646
842
790
610
652
955
780
658
691
667
904 909
46 47
675 676
682
727
613
830
594
712
57 58
575
548 552
615 617
54 55
864
6 8
126 128
236 237
986
273 280
954
821
543 544
807
574
931
977 979
123 124
530
551
493
826
914
488
421
882 883
156 157
10 12
893
347
15 18
243 244
553 558
512 513
923
932 934
323
305
933
356
354
850
589 590
539
624 625
310 318
506
334
316
889
776
173 175
198 199
238 242
536
91 93
309
644
637 643
283
886
803
764
669
581 582
284
621
825 828
500
778
340
349
708
153 155
343 344
466 469
668 670
912 915
672
374
941 943
655
425
377
400
593
749 750
732
448
396
602
555
361
357
351
694
191 195
491
348
702
692
687
326
320
102 104
684 685
301
451
420
274
324 327
386 388
266 269
863
849
724
719
962
640
877
532
71 72
723
499
321 322
99 101
467
607 608
462
429
430
333
925
815
728
942
504
375 376
329
319
656
446
406
742
508
210
245
380
734
648
367
973 974
96 97
785
898 901
299
278
219
480
222
514
596
567
663
251
591
905
738
597
645
569
434 437
927 928
695 696
671
704
545 547
473
360
391
908
950
784
549
540
260
767
516
270 271
265
679
819
866 868
902 903
572 573
313
531
389
440
412
584
501 503
894 897
822
843
875
214 215
595 598
873 876
693
747
678
515
444 445
463
292
677
435
268
170
486
945 946
690
300
369
554
559
477
579 580
298
754
601 603
209
777
194
797 798
457
267
820
181
546
312
68 69
296
166
256 257
229
317
232
52 53
247
255
855
537 542
176
287
164
311
442
647
561
387
332
416
315
951
570
241
187
550
122
994
141
159
193
205
76 79
520
177
834 835
145
768
800 801
140
726 731
452 454
697 698
609 612
168 169
136
201
121
174
148
411
565
192
433
900
404
761
352
759 760
519
235
225
714 715
556
526
212
107
583 585
494 495
113
523 524
139
987
272
533
275
654
109
483
74
100
919 920
639
618 619
436
196
538
633 634
415 417
368 371
718
254
277
816 817
756
423
720 721
811
78
286
213
870
852
208
853 856
135
73
743
230
497
879 881
786
857 858
707
557
509
358
233
455 458
239
276
186
294
103
439
63
505
189
990 991
279
178
158 160
468
216
560
771
80 82
118 119
325
464 465
638
937 940
775
441
120
66 67
456
510 511
422 424
127
217
929 930
147 150
223 224
87
393
328
228
450
335 336
281
56
98
745
220
106
599 600
202
149
167
258
688
907
132
112
240
111
346
92
90
314
342
725
81
364
59 61
476 478
45
83
249 250
755
184
541
42
362
142
75
616
479
50
365 366
35
460
823
154
70
378
179
808 810
306 307
77
41
29
642
854
379
303
282
261
472
86 88
952 953
293
25
345 350
125
24
766
89
211
183 185
38
203
627
959
713
604
11
921
485
13
606
431
14
592
43
110
48
779
23
370
22
9
60
197
33
21
860
5
564 566
131 133
302
28
1
4
880
17
614
7
963
19
896
936
635 636
39
20 26
34
16
0 2
62
576
3
428 432
996 999
